114229:[ 0.91368777 -0.10645182 -0.95042175  0.8688703  -0.1503233  -0.55468845
 -0.312503   -0.22328319 -0.75416774 -0.768601   -0.59626627  0.21564214
 -0.5893704  -0.7702656  -0.13553728  0.11684725 -1.0747283  -0.4871443
 -0.15473032  0.97598326  0.2789912   0.76165944  0.65845466  0.14496183
  0.08199217 -0.8920101  -0.5681594  -0.28088734 -0.19781083  0.10488831
 -0.8867679  -0.62360185  0.45367476 -0.96410835 -0.7701166  -0.86815304
 -1.0077384   0.5888749  -0.02962821 -0.37092558 -0.40288088  0.7676358
 -0.45990354  0.4437694   0.5536539  -0.77967316  0.7630471   0.65514743
  0.94911456 -0.63917476]
115076:[-0.5365802  -0.7009654  -0.7900554  -0.7647551   0.76087844  0.67444855
 -0.78440225 -0.03373448 -0.6958173   0.59351754  0.4398728  -0.2661029
 -0.8783153   0.29089245 -0.6000176   0.48935258  0.28787103 -0.95349646
 -0.48094442  0.12656423 -0.34355116 -0.9325945  -0.56737316  0.05030968
 -0.5783942  -0.26110062 -0.97369546  0.65033364 -1.2301861  -0.04748236
 -0.46346855 -0.6170485   0.5731694   0.7974589   0.70965004  1.0232576
  0.68473893  0.517365    0.6328848  -0.14468563  0.11096956 -0.48579413
  0.59482825 -0.91047215 -0.7827482  -0.3768676   1.1225392  -0.21184158
 -0.5276929   0.6788776 ]
124062:[ 0.36362305 -0.04990591  0.36618087 -1.0615919  -0.17489833  0.68409926
 -0.03345306  0.6372454   0.15506907  0.46737573  0.3358032  -0.94589794
 -0.8131842   1.1929564   0.62245166 -0.6728223  -0.78772175 -0.31131038
 -0.10804574  0.12377872  0.78224564  0.9799441  -0.18243134  0.2380886
  0.48444235  0.476747    0.9361653   0.65058434 -0.6211112  -0.10977515
 -0.4405694   0.14491911  0.8552471  -0.03673726  0.75714743  0.7013598
  0.7757145  -0.49243334 -0.19038892 -0.08587757 -1.0792645   0.45460194
 -0.24028306 -0.63116026  0.21456826 -0.23148593  0.49174446 -0.24906006
 -0.34829456  0.17621294]
125841:[-0.5288305  -0.4054849   0.23459534  0.98470014 -0.827463    0.62403995
  0.08791552 -0.3870864  -0.45656225 -0.7693158  -0.87126195  0.32795087
  1.1065729  -0.02390262 -0.45908734 -0.47656223  0.19761686 -0.62945104
 -0.43261218  0.51099473 -0.06934372  0.0119425   0.46626553  1.1877271
 -0.03892058 -0.52014387 -0.04103623  0.08939631 -0.719171    0.81553286
  0.7207273   1.0162214   0.36383802 -0.05547482 -0.59536684 -1.0388033
 -1.1774949  -0.24897043  0.7105595  -0.06493969  0.57652307 -0.64549565
  0.16456161 -0.21119207  0.44012266 -1.0560045   1.0295646  -0.9739116
  0.22077337 -0.40420905]
127771:[ 0.6792016   0.03845835 -0.68185496  0.12472989 -0.69576174  0.2561143
 -1.1793334  -0.10977185 -0.5565823   0.42759773  0.87145925 -0.9556279
  0.5137813   1.139047   -0.01452301  0.55375046 -0.56743234 -0.58993655
  0.46940613 -0.39142066  0.72123885 -0.20129482  0.4406691   0.6993308
 -0.53071225 -0.0315817   0.12349041 -0.4889594  -0.9768098   0.13058189
  0.90149665 -0.03403641 -0.6654469  -0.56030047  0.18139835 -0.02604257
 -0.9775685  -0.56678885  0.87121874  0.7845583  -0.9344116   1.2429557
  0.91182035  0.5519916   0.563812    0.3673581   0.18905665  0.8275853
 -0.2775753   0.7257893 ]
128200:[ 0.74614197  0.9937766  -0.14838707  0.6708438  -0.32608247 -0.4021973
 -1.2038527   0.3959439  -1.2385151  -0.56782293 -0.3026842  -0.12610969
  0.15587604  0.29432315 -1.1750437   0.12493128  0.71003294 -1.1663669
 -0.5321853  -0.02967406 -0.048743   -0.11730094  1.0502489   0.99487245
 -0.13344246 -0.00248249 -0.09905576 -0.0661726  -0.84264135 -0.28153214
  0.4138201   0.09647647  0.9303321  -0.5782093  -0.35080352  0.02245393
  0.34496903 -0.47816867 -0.51907355  0.5980145  -0.2628492  -0.69589156
 -0.44305092 -0.05497159  0.9223235  -1.0468857   0.29538646  0.03846065
  0.9446319   0.40536016]
129167:[-0.5683749  -0.53645587  0.04929733 -0.44624668 -0.05274425 -0.25946298
  0.28720835  0.49105987 -0.8571887   0.6682658  -0.6310092  -0.96789
 -0.09284578  0.5907768  -0.3611047   0.1122984  -0.39335746 -0.21157822
  0.11895915  0.28218585  0.050168    0.5354714   0.8698779   0.62000936
  1.0640162  -0.3531099  -0.29727694 -0.77193487 -0.6982617  -0.72825885
  0.34958166  0.46041778 -0.9024796   0.6036203  -0.35028827 -0.5212908
 -0.6222298  -0.8682497   0.05657748  0.44154298 -0.64434016  0.48585135
  0.05882382  0.24893239 -0.03099073 -0.273929    0.15961193 -0.67021275
 -0.468391   -0.37421906]
129511:[ 0.7742263   0.85353565  0.5859613   0.6837032  -0.3805249  -0.70015585
  0.01475265  0.43153667 -0.05429571  0.54884285 -0.13716851 -1.273753
  0.49076205 -0.34882924  0.02814042 -0.4340891  -0.24223727 -0.2130095
 -0.00726363  1.1915764   0.90810704 -0.25075653  0.77288145  0.9531238
  0.7222572   0.6052988   0.5815511   0.8156857  -1.3845085   0.58885103
 -0.92897177  0.4247293   0.69412786 -0.30520323 -0.4436261  -0.8556384
 -0.20696005 -0.8492807   0.23901801 -0.22015688 -0.8785583   1.2920263
  0.42976922 -0.90806186  0.5418264  -0.6341235   1.2814583  -0.19917654
 -0.46184793  1.0957637 ]
130316:[-0.23868091  0.45264402  0.5888268  -0.7250611   0.68558705 -1.1652488
  0.73003066  0.8396638  -0.3704014   0.8233263   0.7080322   0.69824755
 -0.54993135 -0.6969353   0.37218964  0.01684579 -0.5269308  -0.12618758
  0.24822807  0.8229395  -0.5371861   0.61666405 -0.7485224   0.2584162
  0.9037697   0.67754763 -0.12871231 -0.98073316 -0.04783883 -0.32862514
  0.8729558   0.02812283 -0.28237814 -0.27443194  0.82259524  0.25290427
 -0.8290709  -0.60209584 -0.24222116  1.0592071  -0.30561572  0.52311987
  0.6015176   0.4620573   0.37835032  0.6181929  -0.13332814 -0.9088448
  0.77910435 -0.08599798]
130348:[ 0.6316041  -0.49123895  0.01395207 -1.0272492   0.53846824 -1.1213866
 -0.81475294 -0.36234272 -0.35025075 -0.5802199  -0.93905705 -0.85740584
 -0.07182518 -0.941495   -0.03570198 -0.08179945 -0.05987278 -1.0600945
  0.2674224   0.42695528 -0.6261388   0.04234914 -0.34781143 -0.49283502
  0.6051041  -0.06796061 -0.47997987 -0.20137347 -0.9690184  -0.17860134
 -0.1157834   0.5520988  -0.20241952  0.4169668  -0.34605497 -0.4471166
 -1.1494765  -0.17381865 -0.43745524  0.9175641  -1.1359199   0.01341766
 -0.48198593 -0.6842537  -0.41969     0.5833247   0.9080118   0.72076833
  0.48763913 -0.33466223]
130838:[ 0.46982333 -0.40442318 -0.11183408 -0.5547579  -0.4603056  -0.71728146
 -0.04031223 -0.48918265 -0.34412882  0.6220072  -0.1271238   0.5505976
  0.7456126  -0.4914685   0.43449128 -0.30852786 -0.8040619  -0.8080949
 -0.61821955 -0.36888093  0.11394037  0.33074448 -0.02511269  0.3273736
  0.04768486 -0.00982565 -0.38874638 -0.25759637  0.13713597  0.25159058
 -0.38560972  0.9567952   0.6356786  -0.3962284  -0.11455587 -0.25752226
  0.41538018  0.62867343  0.7967783   0.18065567 -0.70534915 -0.44742313
  0.07738334  0.0078534   0.15228826  0.648068    0.76470524 -0.96894914
 -0.7383259  -0.35490087]
13360:[-0.0114794  -0.11408921 -0.6851916   0.13432828 -0.9407329  -0.88806516
  0.8485317  -0.09943117 -0.37988195  0.40253997  1.0148096  -0.6231001
 -0.39688486 -0.39829272 -0.7780024  -0.01166153  0.6178289  -0.35446712
 -0.41406542  0.8978333   0.18729842  0.35914916  0.96538186 -0.9181561
  0.6550866  -0.08745948  1.0974143   0.6302326  -0.13710724 -0.962374
  0.78539187  0.50695586 -0.9420482  -0.04003934  1.0840976   0.15393984
 -0.753069   -0.79212743 -0.2538059   0.9662888  -0.45043853  0.9947748
 -0.3421594   0.41567594  0.69834363  0.07644258  0.437825   -1.1069959
 -0.6155335   0.67342037]
133746:[ 0.16807763 -0.427593    0.548823    0.5340421   0.9298775  -0.24755196
 -0.75159824  0.7167351  -0.5045533   0.25379813  0.59725153 -0.9405261
 -0.6438193   0.595952    0.34304598  0.46950892  0.37179133  0.3853598
  0.959313    0.11198303  0.05306253  0.49899474 -0.74449295 -0.43519413
 -0.518194    0.5779079   0.9837191   0.1993569  -1.1271193  -0.8231088
  0.05462074  0.7250219  -0.0187115   0.22126937 -1.0993382   0.7325075
 -0.73373413  0.29700792  0.5117603   0.14788803 -0.9932168   0.6107816
 -0.7498024  -0.87362385 -0.5570689  -0.63734484  0.55021626 -0.46856716
  0.87975276 -0.03082915]
137809:[-0.41458017  0.71011364 -0.29144534  0.40826923 -0.4236839  -0.27053335
 -0.23845449  0.18444008 -0.2738458   1.1225772   0.23588645 -0.4662302
 -0.97667    -0.5327682   0.3084778  -0.53372985 -0.10697423 -0.29522374
 -1.0056825  -0.06245742 -0.08467177  0.37567952  0.56538063 -0.82977116
 -0.9147757   1.0505686  -0.9334622   0.3317677  -0.08868952 -0.1530301
 -0.49137914 -0.32014427 -0.53820467 -0.9624878  -0.07576039  0.44021094
 -0.34736001 -0.05093881 -0.04892416  0.72015744 -0.41618901  0.7761307
 -0.1729817  -0.31736633  0.901088   -0.77264875 -0.19195233  0.59871894
 -0.7632659   0.5825361 ]
144296:[ 0.0436504   0.17541799 -0.52807117  0.7052658   0.26313043 -0.04190992
 -0.88797605 -0.59373754  0.62878454 -0.4680031  -0.819538    0.26747677
 -0.78452826  0.85413456  0.5713523   0.12720005 -0.8793853   0.48994195
 -0.04280586  0.80307436 -0.3303145  -0.8904434  -0.5628956  -0.67321306
 -0.85607463 -0.4508737   0.3517427   0.7473634   0.58506584 -0.5327578
  0.31080794  0.99528694  0.8118264  -0.7889793  -0.5594425  -1.0991355
  0.9380016  -0.86204326 -0.68742317  0.4728184   0.2311433  -0.26516557
 -0.61957186 -0.47454053  0.73514247  0.41334227  0.5965902  -0.30591857
 -0.07512255  0.7934569 ]
153806:[-0.39891362 -0.40890744  0.00692568  0.41996974 -0.10610987  0.36819473
 -0.26370957 -0.01572481 -1.0974532   1.026977   -0.2605358  -1.0242237
 -0.11107487  0.91360325 -0.3079784  -0.9222478  -0.24572025 -1.0674844
  0.29121792  0.15924866  0.40842387  0.75279397  0.15648821  0.6041522
 -0.45505622 -0.6050629  -0.01618631 -0.03825607 -0.9399527  -0.94842523
 -0.7405232  -0.7872507   1.0420492   0.6676561  -0.5595671   0.56858736
 -0.712521    0.06980956  0.2634359  -0.05176013  0.45654055  0.9333758
  1.0291938   0.11315257 -0.1061888  -0.4352657   0.883681    0.6297313
  0.9200771  -0.25430006]
154558:[ 0.19785579  0.15559325  0.9627468   0.04842765 -1.0166357  -0.57446575
 -0.19276883 -1.1929575  -1.1801736   0.07985399 -0.18099158  0.15773463
 -0.47336423  0.74442005  0.47342184  0.12345456 -0.12121222 -0.82188916
 -0.45434713 -0.693438    0.2573566  -0.8784944   0.0405539  -0.39877364
 -0.6220177   0.8843858  -0.03097212  0.8160546  -0.77997553  0.6645763
  0.14449927 -0.8485106  -0.8000851   0.87584007 -0.70632577 -0.17160556
  0.40306357  0.20665054  0.16075312  0.68623763 -0.9720021   0.6694277
  0.5568482  -0.24418078 -0.33386078  0.86452574  0.9928929  -0.3746243
  0.6196287  -0.5261643 ]
160599:[-0.8498554   0.50463116  0.0724861  -0.4057434   0.22619759  0.34074056
 -0.4085556   0.1434944  -0.51963055 -0.25865337  0.64889604  0.3770353
 -0.38287836  0.81251     0.1149927   0.00118794 -0.7234841   0.5739034
 -0.36842257 -0.02570565  0.01047181  0.7456344   0.41892734 -0.07312826
  0.43070656 -0.51644886  0.3690674  -0.27877817 -1.0955365  -0.0813536
  0.92049456 -0.6039416  -0.40935206  0.57766724 -0.06353235 -0.45315376
  0.14141874 -0.26545706  0.37012666  0.8492555  -0.5111653   0.26522872
 -0.7931125   0.15455307  0.31756738 -0.5268007   0.54624915 -0.9807327
 -0.90078604  0.6378886 ]
16255:[-0.36161122 -0.6939623   0.70741665 -1.0340649  -0.22701979 -0.9921095
 -0.5175972   0.02664925 -1.3601065  -0.756417    0.8863225   0.5557639
  0.9583652  -0.15836735 -0.26609364  0.32063878  0.52169853  0.08189612
 -0.02468364  0.14331111 -0.674643    0.94172543 -0.5251098  -0.38430962
  0.6397542  -0.617258   -0.702104   -0.31864175 -0.07768467 -0.97722626
 -0.29182282 -0.07509862  0.34151465 -0.14339207 -0.51816416  0.60473764
  0.07948636 -0.38284612  0.6023072  -0.36109817  0.34627149 -0.4880238
  0.3536779   0.36162144  0.37560982  0.08989125  0.40942466 -0.6106978
  1.1859257   0.08251147]
179514:[ 0.44068757 -1.0298427  -0.06008562 -0.10996602 -0.7262232  -0.7840065
 -0.76577604 -0.29264987 -0.71376336  0.00682875  0.05430608 -0.992806
 -0.44844508 -0.7165932   0.26795724  0.7740689  -1.0177671  -0.03970529
 -1.0015473   0.6224714   0.6879021   0.26783466  0.4043222  -0.9130805
 -0.57238424  0.7153102   0.31540036 -0.4887523   0.3586739  -0.18043542
  0.48265252  0.9072382  -0.01934147 -0.36879537  0.7662368   0.5352819
 -0.5258691  -0.22111474 -0.4662372   0.79262567  0.22514212  0.63033
 -0.13325025 -0.71353656  0.12976283 -0.01286438  0.47728878  0.18681116
  0.8201278   0.8862514 ]
186376:[-0.87256956  0.2571221   0.12283459 -0.23618144 -1.0439464   0.35584396
 -0.07891051  0.6374328  -0.87492156 -0.8987324  -0.28864405 -0.8865497
 -0.8812514   0.8852796   0.9560652  -0.91483575  0.540297    0.48362252
 -0.21219799 -0.74690557 -0.643132    0.15017287  0.24233235  0.72460794
  0.04678037 -0.33365685  0.14595127 -0.56727636 -0.04462197  0.7536505
  0.19001396 -0.99927086  0.859672   -0.07801315  0.66442084 -0.48526976
 -1.064515   -0.9479186  -0.5581321  -0.21331353  0.8762759   0.17689316
 -0.82927376 -0.98123085 -0.09443618 -0.1491913   0.39421317  0.01901708
 -0.64597106  0.36786163]
192992:[ 0.52096367 -0.71980345  0.2622421  -0.6436929  -0.22561564 -0.1532139
 -0.44199368  0.12329667 -0.3664172   0.5653305   0.8567085  -0.18181206
 -0.1935419   0.80840945  0.4348828   0.87683153  0.11677688 -0.83876705
 -0.8414854   0.34382236  0.78487235 -0.6367539  -0.5546073   0.6734525
  0.68150467  0.47685766 -0.08824156  0.6351084   0.5453696   1.0425605
  0.88239926  0.03045211 -0.35877684  0.52261835  0.94030136  0.05916681
 -0.8476282  -1.1389979  -0.32703567  0.3740207  -0.8661273   0.41109964
 -0.8158396   0.72165674 -0.7317873   0.5983608   0.4043709  -0.24617757
  0.98938435 -0.31413126]
193821:[-0.04588737 -0.05096627  0.8025752  -0.08636121  0.05714141  0.57029384
 -0.41555655 -0.41114777 -0.9375455  -0.6724101  -0.76386505 -0.6816665
 -0.8993358  -0.9132262  -0.7686817  -0.09470888 -1.0734353   0.06220504
 -0.2772032   0.87928027 -0.9261864  -0.6560585   0.21506268 -0.49499786
  0.41192555  0.5720202   0.5559902  -0.05198062  0.01706961 -0.01157907
 -0.11228961  0.41371888 -0.30807486 -1.0000865   0.6510797  -0.25997934
 -0.91051435  0.585533    0.34131315 -0.4459156  -0.159693    0.85190403
 -0.07237437 -0.5979641  -0.49511886 -0.5912905   0.02076996  0.7450204
  0.45665187 -0.5398561 ]
197766:[ 0.7940245  -0.5893682  -0.6569229   0.4505988  -0.2137443  -0.42916968
  0.55856675 -0.27009252 -0.87390614 -0.80458504  0.14258894 -0.61548567
  0.5554086  -0.24213178  0.15775232 -0.8540285   0.14263493 -0.26364475
  0.70737773 -1.0235157  -0.5308387  -0.9855904   0.15249917  0.88041073
 -0.09233385  0.7727994  -0.87881273  0.7703305   0.7440992  -0.9606231
  0.24467427 -0.6455675   0.42301145  0.19210885 -0.26717696 -0.00512973
  0.07035157 -0.7318157   0.73308927  0.48151574 -0.5482705   0.5501913
  0.77029425  0.3514704   0.61994565 -0.5850563   0.09885563  0.25589865
 -0.16735804 -0.2923046 ]
199941:[ 0.48171446 -0.12517036  0.4337719  -1.0673194   0.63193196  0.33627576
 -0.52469796 -0.61945283  0.73074317 -0.5810274   0.7719491  -0.7729186
  0.00293468  0.39375323 -0.70518655 -0.2680635  -1.0449538  -1.0207866
  0.38018584  0.00577286 -0.36792317 -0.7138527   0.34062535 -0.26955393
 -0.85425484  0.7480484   0.5242719   0.17938998 -0.8494195  -0.7397164
 -0.3886425  -0.3821728   0.31307867 -0.70159465 -0.85106313 -0.47912014
 -0.62990654 -0.44590697 -0.53186864  0.8333755  -0.9455832   0.67952436
  0.58223134 -0.6293046   0.24389413 -0.8209679  -0.40329596  0.17398036
  0.02488486 -0.2808135 ]
20936:[ 0.40331733  0.1533002   0.43130037  0.6717619  -0.4395308   0.13577887
 -0.6148588  -0.8893985  -0.1629395   0.13905823 -0.8209286  -1.3150166
  0.91001445 -0.7707585   0.51451164  0.42111677  0.26233628  0.13564748
  0.38801306 -0.0547808  -0.16422006 -0.92005724  0.525143   -0.13182819
 -1.0896971   0.202274    0.254334   -0.84326744  0.38264474  0.76920867
 -0.20151103  0.15812464 -0.89256567 -0.66747904  0.4118255   0.85064787
 -0.8275558  -1.2167972  -0.8113506   0.30023694  0.550171    0.28000772
 -0.3180842   0.07213069  0.38377476 -0.11703117  0.8687935  -0.6113105
 -0.08573058  0.99694073]
212382:[-5.10086119e-01  9.32551265e-01  6.85011327e-01  9.32502389e-01
  2.58651115e-02 -6.10118508e-01 -8.81901443e-01  4.79690462e-01
 -6.51713371e-01  2.38513909e-02  5.49692869e-01 -2.07165912e-01
  7.72110462e-01  5.93813837e-01  2.28334218e-02  2.54545182e-01
 -3.12816203e-01 -2.52547506e-02 -1.02370453e+00  9.48370636e-01
 -1.00360654e-01  3.97014230e-01  1.01081121e+00  2.90466815e-01
 -2.70901173e-01 -1.11713365e-03 -8.10463130e-01  1.20058760e-01
 -6.46444380e-01 -9.40265357e-01  4.80282336e-01 -8.66587341e-01
  7.54916549e-01 -1.61008477e-01  7.14679211e-02 -9.66769576e-01
 -1.44476438e+00 -1.39156032e+00 -7.91906357e-01  5.63135624e-01
 -6.25756502e-01  5.44542193e-01 -9.05034900e-01  6.71362281e-01
  3.09537679e-01 -4.43670660e-01  7.54341260e-02  8.46612930e-01
 -1.45549968e-01 -2.17657670e-01]
212449:[ 0.91832364 -0.08463071  0.540038   -0.66618234  0.5270404   0.87067956
 -0.51823705 -0.79990804  0.287345    0.0864993  -0.12647742 -1.2734225
  0.44457716 -0.32012963  0.9177956  -0.4787456  -0.15027331 -0.76538956
 -0.94473034 -0.7292246   0.48871654 -0.36121106 -0.81092185  0.5144366
 -0.67278206 -0.28162825 -0.87345487  0.27187863 -0.1795886  -0.42331156
 -0.74300915  0.32871443 -0.619641    0.18124041 -0.93312025  0.8651049
  0.26657996  0.8014631   0.8113981   0.5890496  -0.6336845  -0.8183779
  0.55580837  0.73145336  0.567009    0.47236562  0.33166194 -0.66352946
  0.6197548  -0.5237487 ]
215010:[-2.35674739e-01 -2.37209592e-02  6.74425244e-01  5.81393726e-02
 -8.01103786e-02 -2.14815773e-02  6.05930567e-01 -1.00807376e-01
 -8.46852064e-01  1.76337570e-01  5.93918785e-02 -7.74827123e-01
  5.47375143e-01 -5.42587161e-01  2.63946086e-01 -1.07117963e+00
  5.73947012e-01 -6.03470862e-01  2.55289733e-01 -1.43022388e-01
 -2.92016953e-01  3.71485025e-01 -8.39860857e-01 -8.20506036e-01
 -3.56978565e-01 -1.00305843e+00 -7.57423282e-01  9.11518931e-02
 -9.65830743e-01  6.24809384e-01 -7.75585592e-01  1.10301957e-01
  7.25638005e-04  5.27852237e-01 -1.32253796e-01 -1.01083875e+00
 -8.88249055e-02 -8.15395296e-01  2.68580526e-01  1.09130573e+00
 -6.26366794e-01  9.44595277e-01 -2.66130805e-01 -6.90509617e-01
  1.07154930e+00 -1.94138274e-01 -4.30786848e-01  4.19756263e-01
  7.56619096e-01 -7.30962098e-01]
215493:[ 0.10200356  0.09229205 -1.0513803   0.2701953   0.2194118  -0.05239367
 -0.26081485 -0.40053913 -1.1957428   0.09870106  0.15191214 -0.00864035
 -0.60053957 -0.16744663  0.00709773  0.5975504   0.56958544 -1.4291638
  0.42809263  0.50786465  0.56355476 -0.8878257  -0.04490225  0.9698694
  0.7131488  -1.2132801  -0.15823643 -0.90301794 -0.71722645  0.5595901
 -0.6430654  -0.00744505  0.28207025 -0.19068222  0.6960967   0.59164417
 -1.1964109  -0.6984118  -0.21460404 -0.4764666  -0.5435214  -0.31265202
  0.85216635 -0.5777615   0.75063884  0.45925462  0.67407    -0.9829889
  0.52436215  1.106521  ]
217099:[-1.5441369e-02  4.0290296e-01 -1.7091355e-01 -5.3022343e-01
 -5.7500768e-01 -1.4773192e-01  6.3850033e-01 -4.4350117e-01
  6.4597696e-02  5.4298145e-01  3.9224774e-01  7.1639508e-02
  6.3970995e-01  2.4994430e-01 -4.5817718e-01  6.3539499e-01
 -9.3819171e-02 -1.0758882e+00  3.6022726e-01  1.0057218e+00
  2.1435732e-01  1.2817426e-01  2.3143886e-01 -2.4208106e-01
 -1.8616332e-01  7.0232749e-02 -6.2861502e-01  2.5412858e-01
 -6.6919231e-01 -9.5720476e-01  2.4354798e-01 -1.0702844e+00
  4.1237196e-01 -9.4551915e-01 -8.8338405e-01  5.6373560e-01
  4.0405551e-01 -8.0110645e-04 -4.8864174e-01  4.3223870e-01
  2.2931449e-02  3.0756563e-01  4.5185264e-02 -8.3103198e-01
 -5.1082218e-01 -5.5009675e-01 -5.1981091e-02  2.8322789e-01
  6.0526878e-01  9.3021870e-01]
21718:[ 1.0516523   0.62500745 -0.65013     0.9266542  -0.4351782  -0.5853282
 -0.08574264  0.71151656  0.5541615   0.8568755  -0.94591516  0.4354634
 -0.0534837   0.65668565 -0.07136881 -0.48999777 -1.0110437  -0.94760203
 -0.5355636   0.15004352 -0.6702532   0.8532759   1.0161265  -0.4574761
 -0.05443412  0.709831    0.06387269 -0.6855685  -1.0985117  -0.47779897
 -0.40635145  0.5849601  -0.09036011  0.15322514 -0.9536982   0.43874514
  0.71494734 -0.66207665  0.57154274  0.7302616  -0.4623279  -0.28515568
  0.56291085 -0.7392157   0.0446352   0.21956965 -0.7641095  -0.2241673
 -0.63505244  0.47789183]
221042:[ 0.2265267  -0.38272804  0.193874    0.17565802 -0.27948442  0.7181689
 -0.24531221 -0.63799876 -0.815422    0.0285624   0.45278323  0.5318413
  0.3915867   0.8435663  -0.6820254  -0.41307798 -0.22368848 -0.693217
  0.59243083  0.31101137  0.03092888  0.05772259  0.14686446 -0.2311206
 -0.40973875  0.70470345 -0.6713984  -0.20164765  0.1279974  -0.593745
 -0.32201245  0.63501495  0.65132815  0.47895718 -0.746886   -0.82491046
 -0.7423675  -0.92350596 -0.7485441  -0.35236818 -0.0703311  -0.5572476
  0.77064687 -0.8308021  -0.438629    0.14774922 -0.50867605  0.85298103
  0.02053157  0.17805369]
226264:[ 0.31442907  0.33455214  0.54667526 -0.83727646 -1.2286539   0.05184301
  0.34084973 -0.54845846 -1.2684996   0.5095321   0.56438106  0.01329549
  0.3170921   0.92482525 -0.66487545 -0.8509563   0.58055085 -1.0960495
 -0.27658606  1.0577193  -0.855322   -0.4074253   0.2242102  -0.7894163
 -0.91883206 -0.1961423  -0.1753121   0.22228338  0.63403404 -1.0025827
  0.81605357  0.5249347   0.50085384  0.68894327 -0.7345087   0.38030207
 -0.59790784  0.1800257   0.84384614  0.7600307   0.3447756   0.38962215
  0.1595557   0.15150805 -0.5884245   0.0023936   0.66160077 -0.4410279
 -0.43307883  0.41062775]
226437:[-5.3009194e-01 -1.2307032e-01  1.3449818e-01 -2.7563655e-01
  4.9552581e-01 -5.6246102e-01 -1.0181189e+00  9.8718546e-02
  6.5494940e-02 -1.1292037e-03  3.9303777e-01 -9.6505976e-01
  1.8172772e-01  8.1376982e-01 -5.2231491e-01  5.5875611e-01
 -1.1237770e-01 -3.4941885e-01  4.7955441e-01  4.5276332e-01
 -7.5990307e-01 -6.8590246e-02  8.6191285e-01 -7.9308085e-02
 -2.0466678e-01 -8.5018033e-01  5.0160974e-02 -5.5093300e-01
  3.2779920e-01 -1.9285585e-01  4.7842079e-01 -6.4692700e-01
  5.5875301e-01 -8.2389045e-01  6.1204100e-01 -8.4423757e-01
 -4.6043602e-01 -6.1669821e-01  1.4239642e-01  1.1017106e-01
 -9.0426153e-01  7.6578653e-01  1.2668698e-01  3.1660712e-01
  4.6167874e-01 -8.1410921e-01  1.6326831e-01 -7.4430865e-01
  6.9222468e-01  1.1756914e+00]
241996:[-0.09353016  0.73039395  0.13805273  0.11709845  0.777664    0.7060111
 -0.7150643  -0.6832697  -0.7114236   0.22245382  0.32819718 -0.61877716
 -0.00544775  0.04022871 -0.09819131 -0.37778616 -0.5066487  -0.6940212
  0.8461792   0.6538865  -0.51982325 -0.11610448 -0.5835996  -0.02546975
  0.2538495  -0.56836647  0.4216565   0.72007084  0.330347   -0.39440113
 -0.21793349  0.36206573 -0.22923195  0.72045916  0.3229186  -0.5179849
 -0.05121084 -0.37308764  0.62719864  0.96949726 -0.25472802 -0.4534052
  0.06585102 -0.67665166 -0.66722536  0.4645053   0.787153    0.8627332
  0.11545511 -0.67259073]
242159:[-0.30024204  0.24429716 -0.5212588  -0.26870072 -0.90602773  0.82849777
 -0.52104455  0.59791404 -0.20637573 -0.45032653  0.09909092 -0.8144739
  0.7043932  -0.874487    0.5288337  -0.31463948 -0.19652502 -0.42635983
 -0.18127908 -0.5415768  -0.7543227   0.8251356   0.73207486 -0.36415458
  0.52587825 -0.13083991 -0.5767844   0.00161053 -0.7813417   0.78483
 -0.03153085  0.70335436  0.49215993 -0.6070458   0.057995   -1.0621363
 -0.41099253  0.07601795  0.32517597 -0.28410685  0.22858042  1.0397681
  0.20715332  0.11423008  0.4533855  -1.0622982   0.9021651  -0.3675251
 -0.6908571   0.50913143]
242230:[ 2.1148710e-01 -6.7659050e-01 -2.8606018e-02 -4.2444810e-01
  9.6615839e-01  5.3021610e-01 -6.5240479e-01 -2.0357165e-02
 -1.9905125e-01  5.7342660e-01  3.1846312e-01 -1.0212401e+00
 -8.3794314e-01 -1.6640550e-01 -3.7764958e-01  6.8256342e-01
 -5.3583324e-01  7.7491844e-01  9.8971270e-02  3.6715868e-01
  7.7485180e-01 -4.7526322e-04 -3.6735901e-01 -5.5787379e-01
 -1.7231682e-02  2.8418642e-01 -6.7083895e-01 -2.3382016e-01
 -1.2198303e+00 -5.6424278e-01 -7.0412534e-01 -6.5762889e-01
  7.3283404e-01 -1.2654198e+00  3.3392680e-01 -4.6220714e-01
  6.6418362e-01 -1.4534913e-01  8.0065244e-01 -7.0878059e-01
 -5.5252051e-01 -6.6522443e-01  3.4610888e-01 -2.7233011e-01
 -3.4132713e-01 -9.7989345e-01 -1.7593752e-01  9.4645166e-01
 -1.4998589e-01 -3.6543104e-01]
246132:[-9.0499640e-02 -8.1202388e-01 -6.6505194e-02 -8.3000398e-01
 -8.3853149e-01  8.0491734e-01 -7.3744512e-01  1.9467378e-01
  5.6821513e-01  6.6051292e-01  7.7561045e-01  8.3451509e-02
  1.4372730e-01  3.7214184e-01  3.5040450e-01 -2.0233035e-01
  4.9448013e-04 -9.9988127e-01 -7.2780204e-01 -8.9276528e-01
 -3.4425879e-01 -9.7903967e-02 -1.3273954e-01  1.7713857e-01
 -7.0173550e-01  9.4789243e-01 -3.7793279e-01  8.3261013e-01
  6.8952799e-02  1.8202090e-01 -3.8583684e-01  6.0647607e-01
 -5.6985998e-01 -2.4375510e-01 -8.7591839e-01  2.5140119e-01
  2.5135660e-01 -1.4963818e-01  2.9322362e-01  3.3530211e-01
  5.9084678e-01 -9.5547485e-01 -7.9016709e-01 -5.9182382e-01
 -4.5586395e-01  2.7244234e-01  6.4198303e-01  8.5494137e-01
  5.4743600e-01 -8.3520222e-01]
250189:[ 0.9608835   0.45240793  0.05301411 -0.75648665 -0.9278278  -0.31895337
  0.54450667 -0.4231367  -0.18838733 -0.02881257 -0.15188748  0.29447407
 -0.44219166 -0.66052395 -0.5681004   0.4855573  -0.4378303   0.10456339
 -0.6557519  -0.96978337 -0.40257084  0.02418864  0.6145798   0.31082857
 -0.6761231  -0.36716038  0.8738873  -0.17797962 -0.724013   -0.82538813
 -0.76055235 -0.0065075  -0.91089934 -0.5809954   0.73096365 -0.04077407
 -0.7400015   0.24695866 -0.20711517 -0.42548013  0.4090636  -0.31887293
 -0.22304145  0.15778027 -0.14504203 -0.32486984  0.52825594 -0.7881783
  0.7585931   0.7063162 ]
255793:[-0.19652109 -0.4605562  -0.9138023   0.24429141 -0.84722215 -0.7875197
 -0.19527459 -0.438912   -0.2974596  -0.03991577  0.49289244 -0.37172022
  0.24052483 -0.16216622  0.30124882  0.21852042  0.43054405 -1.0814447
 -0.451184    0.23581116  0.58985925 -0.41066694  0.44940615 -0.64926124
 -0.15955892 -0.80117255  0.9044144   0.32205883 -1.2435338  -0.8356718
  0.9345882   1.0476848  -0.5586416   0.3968867   0.15888289 -0.5236597
  0.23512432 -0.545405    0.52172804  0.65387285 -0.3246514   0.96688205
  0.45229423  0.38467965  0.6628862  -0.45010576  0.06334593  0.97111624
 -0.20773456 -0.7199604 ]
257426:[-0.14500588  0.49321365  0.23141335 -0.36163765  0.5275523   0.13949877
 -0.8942783   0.25306413 -0.74486876  0.54644454 -0.10994348 -0.31425115
 -0.2761506   0.23050874  0.44061482 -0.10681543 -0.18117996  0.03345423
  0.35402596  0.8115437  -0.8791011  -0.92144084  0.82696575 -0.24120632
  0.22359893  0.22868447 -0.04545244 -0.15034117 -0.57193655 -0.13407718
 -0.23705852  0.42955932 -0.00638108 -0.03488839  0.32443938 -0.17939247
  0.3924294  -0.55084044 -0.20069447 -0.7832231   0.711003    0.9154675
  0.6350838   0.074258   -0.93089145  0.76671255 -0.5981276  -0.32876143
 -0.14218093  0.15863699]
257696:[-0.28611     0.29569766  0.13359758 -0.7212692   0.0014245  -0.512507
  0.14758086 -0.5579177   0.00446074 -0.76707876  0.8379439  -1.2034278
  0.0737557   0.23460872 -0.83431554 -0.24001363 -0.69548404 -0.32032377
 -0.7690685   0.76372665  0.78195447 -0.11897746  0.01119416  0.51951927
  0.13102143  0.7374004  -0.106649    0.2068715   0.51573837 -0.0720566
  0.12950836  0.2529717   0.29959935 -0.4681742  -0.00272338  0.4411165
 -0.9755225   0.17108361 -0.35953975  0.61852276 -0.17710903  0.4886265
 -0.6640884   0.26095608 -0.63362175  0.5978674   0.02061323 -0.46653178
 -0.5876282   1.004635  ]
257869:[ 0.26476023  0.6533938   0.7839552   0.92687446  0.751173    0.30592668
 -0.22557887 -0.82204336 -0.97850883  0.29514763 -0.31483597 -0.20865443
  0.6363605   0.9064274   0.8286242  -1.1191056  -0.15431671 -0.9874537
 -0.8409609  -0.5794196  -0.19896501 -0.15498206 -0.42178938  0.08448703
 -1.1921512   0.4435013   0.25509632 -0.21375805  0.36350188 -1.0783689
 -1.1090077  -0.24305867 -0.6570879  -0.14590587 -0.6481319   0.17446885
 -0.48065653 -0.9508553  -0.74934244 -0.01979138  0.19249186 -0.42185563
 -0.83875644  0.68378115 -0.7249448  -0.3563787   1.0663438   0.3492725
  0.9582158   0.04035907]
268840:[ 0.29525137 -0.30264598  0.8090978  -0.714441    0.20173855 -0.70111626
 -0.02276432 -0.84661853 -1.1999394   0.0652311  -0.80892414  0.34383598
 -0.5209999   0.2865091  -1.0014502  -0.3061255   0.79726124 -0.99337894
  0.7657158  -0.05904557  0.5322781   0.04720059  0.10648043  0.28399697
  0.05197267 -0.8291241   0.64045256 -0.69097507  0.46935028  0.49751124
 -0.9593382  -0.25734225  0.8515264   0.6506901   0.17135374 -0.09922659
 -0.9822459   0.6455107  -0.01101022  0.7019944  -0.24161589  0.81358474
  0.95606774 -0.8619676  -0.8600144   0.85017073 -0.7343294  -0.4377387
 -0.12725288 -0.01595975]
280678:[ 0.4811265   0.5018678  -0.7386459   0.60895395 -1.0486131  -0.8134335
 -0.750233    0.32330906 -0.476733    0.450982   -0.5969001  -1.1856221
  0.21000129  0.5215855  -0.33950287 -0.63640106 -0.78599    -0.53490555
 -0.26557708  0.03359576 -0.08546448 -0.37629873  1.0827966  -0.06159905
 -0.32238656 -0.21979149 -0.7155262  -0.53422433 -0.6690169   0.22872256
  0.66862047  0.7043665  -0.78885984 -0.55640674 -0.6754492   0.8530626
 -0.80253685 -0.10354391 -0.4915927  -0.39086688  0.3623275  -0.89855504
 -0.7251793   0.10921016  0.86225045  0.13429546  0.58906657  0.5042707
 -0.87708616  0.06454513]
286870:[ 0.9612276  -0.8082998  -0.54534835 -1.1012166  -0.90895486 -0.84621483
  0.03463308 -0.3630081  -0.65863925 -0.80110097 -0.14930989 -0.66656554
 -0.51102304  0.14172238  0.61053884 -0.4086746  -0.8766621  -0.09133813
 -0.81238693 -0.11991328 -0.09622523 -0.4979343   1.0171555  -0.1422427
 -0.88895154 -0.4459803   0.76212686 -0.49397177 -0.29995802 -0.46546003
  0.67572606 -0.36175603 -0.23419529 -0.2189189  -0.710036   -0.6309229
 -0.65976906 -0.7147342   0.4768072  -0.50515693  0.62093776 -0.27567738
 -0.643015    0.5084037  -0.10920267  0.22852208  0.3969393   0.6965514
  0.6410285  -0.29803213]
287433:[-6.2240368e-01 -1.2209531e+00 -8.1235033e-01  6.4645749e-01
 -8.6244607e-01 -3.0027643e-01 -1.1793770e+00 -4.6287820e-01
 -6.6287315e-01  3.3233869e-01  8.1776553e-01 -2.1328354e-01
 -4.5899478e-01  1.3037232e-01  1.6009992e-02 -1.0885791e+00
 -9.4990480e-01 -2.0055550e-01  4.6327248e-01  8.3239603e-01
 -2.4236268e-01  9.0597361e-01  2.8689644e-01  8.1621969e-01
  1.1424209e-03 -8.0222785e-01  7.5824875e-01 -5.3562558e-01
 -7.0815146e-01 -9.2321701e-02  5.6610912e-01  6.2081903e-01
 -6.3360780e-01  8.7205958e-01  1.9222301e-01 -9.4602287e-01
  5.9546232e-01  8.3040756e-01  5.8806211e-01  8.8398308e-01
 -1.2023370e+00  1.7665417e-01 -7.4657118e-01 -2.7098575e-01
  2.0595671e-01  5.3763539e-01  9.1596502e-01  2.1281663e-01
 -5.8398992e-01 -1.5472315e-01]
291970:[ 7.9828644e-01 -6.1827332e-01  4.6753435e-04  3.7184516e-01
 -5.7970715e-01  7.6450717e-01 -3.3193916e-01 -2.8763717e-01
 -1.2886119e+00  4.2187903e-02 -9.2072505e-01 -9.1808057e-01
  4.5292434e-01  6.9509792e-01  5.9104812e-01  5.2673179e-01
  7.0512199e-01 -7.9579884e-01  9.6263367e-01  1.0637375e+00
  8.0280650e-01  4.6305719e-01  3.4042746e-02  5.4217333e-01
  3.9076489e-01  4.3866801e-01 -7.6525849e-01 -1.0166221e+00
  4.7947320e-01  2.7702498e-01  6.5115380e-01  7.8120869e-01
  9.3216562e-01 -1.0382924e+00  9.5763046e-01 -3.6780950e-01
 -2.6011631e-01  6.2999475e-01  1.0121839e+00  6.1079139e-01
  1.0997987e-01 -1.2176694e-01 -6.7380631e-01  3.8998085e-01
  2.5385585e-01 -8.5924882e-01 -5.7843685e-01  6.0284477e-01
  9.0196598e-01  3.6031406e-03]
292258:[-7.77363122e-01 -6.51525795e-01  6.04943454e-01 -1.11782104e-01
 -2.41196468e-01 -9.12264630e-04 -2.64659584e-01 -6.13402426e-01
 -5.62256515e-01  6.69961572e-01  6.28064692e-01 -1.07485342e+00
 -2.10778520e-01  1.05519176e+00 -6.63621008e-01  5.16268276e-02
 -8.16209733e-01 -6.50061667e-01  2.65687048e-01  2.20793560e-01
 -4.26547617e-01 -8.61372530e-01  8.16980124e-01  3.71267110e-01
 -9.54381049e-01  9.52294528e-01 -8.24077427e-01  6.67604923e-01
 -2.12756038e-01 -1.09616506e+00 -1.42485306e-01  8.28594148e-01
 -2.71324247e-01 -5.21602273e-01  8.01695108e-01  5.72484910e-01
  4.05641139e-01 -6.37849808e-01 -1.04671419e+00  5.78532875e-01
 -1.26940262e+00 -1.22979112e-01  2.48379663e-01  1.30661473e-01
  4.74606901e-01 -3.91221225e-01 -3.03528458e-01  4.99961138e-01
 -2.00854301e-01  4.07903910e-01]
295716:[-0.01394621 -0.37115958  0.7407143  -0.4843745  -0.54865277 -0.5693973
 -1.1480119  -0.08747326  0.5285659  -0.2373698  -0.06594906  0.49052754
  0.02807611 -0.93813276 -0.4971772   0.2495477   0.76104206 -1.1039375
  0.41869807  1.0205389  -0.8512328   0.6776869  -0.7039536  -0.56002814
 -0.4307017  -0.3127675  -0.8905224   0.19921723 -0.58083045  0.4518699
 -0.104242    0.524445    0.82535857 -0.5329046   0.9897608  -0.53724205
 -0.29498136  0.5167129  -0.8818313   0.8752648  -0.8150934   0.66831625
 -0.33728102  0.80907077 -0.15333532  0.6338062   0.79785484  0.6763588
  1.0516323  -0.86556154]
30004:[-0.16415274 -0.34898192 -0.5945501   0.82783395 -0.21905181  0.47733527
 -0.14394641 -0.35256326  0.31293747 -0.7335635   0.48288563  0.1558636
 -0.75386256  0.505579    0.24465424  0.63843334 -0.30631414 -1.0651921
  0.02598519 -0.80815256  0.29872453 -0.5474795   0.0442968   0.1239277
  0.55226225 -0.05885677  0.7571875  -0.6678028  -0.5712479   0.5195725
  0.15761743 -0.8551526  -0.7314953  -0.56015515  0.4177025  -0.50920576
 -1.1679946  -0.8002573  -0.97178817  0.75277716  0.6887018   1.0618466
  0.5518754   0.68813205  0.80980825  0.7370415  -0.7559152  -0.5036283
  0.6202604  -0.48824322]
302110:[ 7.2258139e-01 -5.3463334e-01  3.7434902e-03 -1.3592502e-01
 -3.5358390e-01  5.2089018e-01 -1.1209744e-01 -4.4202873e-01
 -1.1055973e+00 -2.0606923e-01  6.9279951e-01 -5.2840918e-02
 -9.4914311e-01 -4.0614194e-01 -8.1238234e-01 -2.8931495e-04
  6.4644337e-01 -1.1232747e+00  6.6289091e-01 -3.4009334e-01
  7.3368132e-01 -4.8744742e-02 -1.9646086e-01  4.7131124e-01
 -6.9538677e-01  4.4384831e-01  6.6712171e-01  2.6701853e-01
  8.4635481e-02  1.7729580e-01  1.9114804e-01  1.5992595e-01
 -9.4858074e-01  8.5277468e-02 -4.0910482e-01 -8.3942801e-01
 -8.5948753e-01 -1.6947393e-01  1.0456499e+00 -5.0312668e-01
  1.7811343e-01  6.0168839e-01  5.1749873e-01  8.3684906e-02
 -7.7857292e-01  1.8025103e-01 -5.6934986e-02 -5.3341275e-01
  5.7066791e-02  5.1430291e-01]
302488:[-0.04163834  0.5456915  -0.15412124  0.3905935  -0.09557743  0.0316569
  0.6768187   0.7318815  -0.08421089  1.0056772  -1.0228722   0.12049208
 -0.6646038   0.25560302 -0.8936756  -0.25471917  0.69569707 -0.95230645
  0.3893114  -0.4036447   0.17517482 -0.9231852   0.18214805 -0.6135994
 -0.36922085  0.2278795  -0.18793687  0.89616567 -0.8577146   0.8871429
 -0.9425166   0.36499578 -0.7175174   0.67652565 -0.86843836 -0.11690037
 -0.04609205 -0.02376359  0.45632172 -0.31724775 -0.68145365  0.5328692
 -0.5944287  -0.35864544  0.33726686 -0.08093555  0.41970912 -0.6222698
  0.7780543  -0.04972354]
304192:[ 0.3483836  -0.73558444 -0.1425891  -0.4623786  -0.89053464  0.645351
 -0.39452982 -0.6223557   0.13010176  0.83500654 -0.46637797  0.16110347
 -0.32420567  0.0087042   0.21368898  0.37531465 -0.8827759   0.23502265
  0.68653095  0.19899075  0.02217612 -0.22413461  0.871275   -0.43105453
 -0.08655252 -0.41225615 -0.7376742  -0.9194552   0.27444753  0.34707478
  0.07774233  0.3472807  -0.6323797  -0.47928572 -1.0111266   0.58741355
 -0.31664526 -0.00515541  0.5815334   0.66967815 -0.9315981  -0.6153347
  0.89480376 -0.21373671 -0.5728236   0.20947792 -0.68365276 -0.6632273
  0.18080914  0.42754835]
305182:[ 0.87789863 -0.59843624  0.54109776 -1.0720661  -0.5568891   0.5366204
 -0.8730679  -0.5671563  -0.51736605 -0.01190037 -0.53037715  0.03186516
  0.5413539  -0.29701895 -0.8918143  -0.12651803  0.10793629  0.7368677
 -0.8261157   0.06473859 -0.32307467  0.1121396  -0.22614749 -0.54523987
  0.50151247  0.7578671  -0.8622837  -0.14652772 -0.41357484 -0.94870913
 -0.50379217 -0.35053143 -0.09738703  0.13408376  1.0675426  -0.3984879
  0.23550247 -0.47909808 -0.48243245  0.29806167  0.5691511  -0.06238753
 -1.0498738   0.13648942  0.04922339  0.1831409   0.65566987 -0.01901332
  0.8187166  -0.7286826 ]
306195:[ 0.19986285 -0.2827091   0.95736676  0.0746256   0.3764045  -0.1243917
 -0.66222703 -0.10569099 -0.49328592  1.022606    0.18806183 -0.23318575
 -0.6179465   0.01743136 -0.32658714 -0.12650484 -0.99424726 -0.8686962
  0.53484553 -0.9113955  -0.36281386  0.15336788 -0.5827086  -0.00960175
  0.55523646  0.42361853  0.1446823   0.49153072 -1.2143174  -0.16352408
  0.5216559  -0.4949705   0.4187984  -0.93471295  0.56134886 -0.03671007
  0.48326507 -0.24254902 -0.51413107  1.0300623  -1.3344475   0.02678794
 -0.41579273  0.0019681   1.1239698  -0.4969917  -0.04284662 -0.7450999
  0.49063888  0.7603875 ]
309715:[-7.6045382e-01  2.1270363e-01 -4.9028572e-01 -5.9739912e-01
  3.5214920e-02 -4.7626137e-03 -1.3897242e-01 -7.9105490e-01
 -2.8714153e-01 -4.4360527e-01  3.8607666e-01  2.0665530e-02
  7.9299688e-01  3.8820380e-01  2.6628324e-01 -6.4823610e-01
 -5.2741677e-01 -9.4656324e-01  5.2976239e-01 -5.3282338e-01
 -4.5102648e-03 -7.6434016e-01 -7.8491881e-02 -6.4503807e-01
  8.4374720e-01 -7.2848749e-01  8.8581562e-01  8.8483971e-01
 -3.5236642e-01 -2.2685413e-01  9.9712801e-01  8.9526641e-01
 -4.5720896e-01  1.9179857e-01 -2.0441633e-02  8.0439913e-01
  7.2308230e-01  7.2681380e-04 -9.4370300e-01 -5.3098625e-01
 -8.8810384e-01  5.3495556e-01  4.8585978e-01 -5.9326959e-01
 -4.5164356e-01 -1.2408626e+00 -2.7341396e-01  1.2194679e-01
 -5.9516484e-01  5.8949810e-01]
310316:[ 0.04652665 -0.54922676  0.69379747 -0.22682968 -0.0133169  -0.98675805
 -0.57045317 -0.6520492  -0.97120774  0.026852   -0.4572734  -0.2708334
 -0.9116515  -0.16088308 -0.8663406  -0.9142129  -0.8359794  -0.37907407
  0.69201046  0.00506434  0.8286448   0.6888791  -0.28907964 -0.3328758
  0.40513638 -0.66894954 -0.25199622 -0.08834152  0.49243915 -0.07162327
 -0.27279288 -0.25197053  0.47076923  0.7374397  -0.21501236 -0.04222671
 -0.8522534  -0.6058931   0.28724056 -0.00449356  0.11187837  0.6484137
 -0.36499727  0.39475986 -0.21321806 -0.68907595  0.2934288  -0.41464123
  0.99257714  0.8850872 ]
310482:[-0.07526574 -0.831648   -0.429088    0.40344527 -0.90239984 -0.1243398
  0.52049226 -0.433276   -1.0269423   0.01783378 -0.28068337 -0.78777164
  0.5678805   0.77394116 -0.61107326 -0.94346666  0.6444468   0.74558365
  0.5012386  -0.7803483  -0.51520026 -0.7537726   0.54017705  0.78894466
 -0.6216953   0.59711283 -0.8325865   0.76621276 -1.0727266  -0.23896256
  1.0889502   0.3770024  -0.79924184  0.70688444  0.7467831  -0.12749927
  0.69564193 -0.43593442 -0.43489853 -0.52588266  0.4355061   0.5858699
 -0.5361806  -0.11776873  1.1237344  -0.42389515  1.0226082  -0.5545072
  0.36481538  0.08913173]
312497:[-0.49555868 -0.60211295 -0.2313286  -0.51312274  0.53335667 -0.0904066
  0.21099615  0.41557288 -1.2603667  -0.30828506  0.23693855  0.6533913
  0.7353078  -0.13098666  0.00400176 -1.0799507  -0.44241095 -1.0433532
 -0.15095796  0.82355523 -0.6125379   0.41680786  1.1745816   0.9585377
 -0.11384285 -0.5603923   0.72461617 -0.99001455 -0.2314823   0.38288128
  0.09243936  0.23006633 -0.40143883  0.69903237 -0.65526617  0.14782323
 -0.4437878  -0.31382516  0.25337827 -0.10123573 -0.9023366   0.27680033
  0.618289    0.72751886  0.38853252 -0.69741774  0.45316964  0.5907025
  0.13300066  1.1939237 ]
320537:[-0.35948828  0.7715695  -0.21324913 -0.08348355  0.31972027  0.62514776
 -0.01180999  0.27675682 -0.04735384  0.291895   -0.75168574  0.4700377
 -0.05352296 -0.50500196 -0.26887432  0.26047182 -0.62630236 -0.6643114
  0.86205715  0.52320963 -0.03503572  0.16789466  0.91311026 -0.55589515
 -0.32549205  0.58086944  0.3938645   0.9005931   0.4931301  -0.6799981
  0.43900663  0.7434827   0.00541354  0.1061805   0.94584244  0.5500501
 -0.4122691  -1.2747647  -0.58541673  0.33418998  0.4469177   0.9158184
  0.2271877   0.16650501 -0.26530892  0.23465583 -0.6039998  -1.0590506
  0.2486201  -0.07021786]
324632:[-0.8816731   0.6142194   0.01727368 -0.14110301 -0.13021404  0.72614145
 -0.7395401  -0.57961893  0.01212717  0.08313467 -0.82287157 -0.92214423
  0.332986   -0.9451818  -0.6768801   0.56579506  0.10736149  0.3523472
 -0.6188395   0.02519944 -0.09668851 -0.44741994  0.00853244 -0.4944245
 -0.6746141   0.42843407  0.11223835 -0.6306635  -0.2344772   0.468944
  0.583327   -0.6855177   0.91137475  0.44980797 -0.6087089   0.60899913
 -0.0991148  -0.49055827  0.6567532  -0.799568    0.7879004   0.352212
 -0.19772996 -0.12453927  0.979041   -0.09671268  0.0871639  -0.03214215
 -0.7254554   0.941243  ]
326851:[ 0.4225036  -1.175323    0.4237109   0.9403918   0.46118495  0.64947003
 -0.856429   -0.94491655 -1.1810502   0.21014711  0.68348783 -0.7238217
  0.793102   -0.94972223  0.32358125 -0.89673966  0.71270955  0.05727467
  0.63134015 -0.44789892  0.06979895 -1.0495945   0.6182121   0.98506486
  0.19210477  0.03010905 -0.39358497 -0.65902627 -0.42484075 -0.0512147
 -0.8790924  -0.5576952  -0.46109933 -0.13475026 -0.71664506 -0.56932104
  0.5146518  -0.40032184  0.75319344  0.10170083  0.31928274  0.71542156
  0.04328134 -0.5148902   0.56750405  0.56749904 -0.41949344  0.17286053
  0.07283569 -0.14897196]
330732:[-0.28489485 -0.13557743 -0.24525622  0.35535112 -0.7295176   0.3383504
 -0.873687   -0.45130515 -1.3456582   0.4859798   0.5375055  -1.0330663
 -0.5980782  -0.28412953  0.36391392 -0.48747537 -1.1424403   0.5317519
  0.6529254   0.04401324 -0.71978456  0.17243275 -0.22052445  0.3722135
  0.94312924 -0.02719759  0.30062565 -0.15353133  0.03582662 -0.01385015
  0.67334354  0.47682503 -0.53725743  0.5477664  -1.0034428   0.5546019
 -0.02531503 -0.7973839  -0.8147475   1.1293869   0.19880997 -0.66632706
  0.6998261   0.36754102  1.0897101  -0.10703538 -0.4419494  -0.6473112
 -0.7239993   0.6286569 ]
332346:[ 0.2036258  -0.2846649  -0.8987647   0.8727251   0.89172286 -0.66703725
 -1.0853117   0.7743359  -1.2722918  -0.14554106 -0.7703074  -0.36707845
  0.5252093   0.41012576 -0.49846935 -0.5712086  -0.2403238   0.44364524
  0.80682194  0.72766256 -0.35526478 -0.3345286  -0.82734036  0.79386175
  0.56633866 -0.9473813   0.16165759 -0.28369597 -0.7702046  -0.06434106
  0.2780204   0.8269356  -0.24771944  0.5781411   0.3123272   0.37939137
  0.28535417 -0.603272    0.33730775  0.545681   -0.7478279  -0.03321604
  0.10301798 -0.9161166   0.5767264  -0.5501571   0.92743367  0.42223018
  0.3369373   0.28542358]
335404:[ 0.19417751 -0.79844296 -1.0268834  -0.33809206 -0.26949096  0.16219099
  0.3847472  -0.2777371  -1.1487023   0.931086    0.5820271  -0.43480983
  0.17250013  0.44731364  0.05548944 -0.06303629  0.33002836 -0.44811487
 -0.04863229  1.0579339  -0.4328398   0.338568   -0.24345464  0.402415
  0.8075997  -0.27752933 -0.21203132 -0.37307578 -0.7967745   0.08562764
 -0.45300305 -0.6759996  -0.902043    0.8575428  -0.58163947 -0.24143144
 -0.92398065 -0.50156415  0.948606    0.0992666   0.0625793   0.2377095
 -0.05516521 -0.4330524   0.48383263  0.6492413   0.00906926  0.69896656
  0.47889635 -0.58853513]
37176:[-0.1344423  -0.7529412   0.34133685  0.465943    0.10747194 -0.5079948
 -0.09746823  0.8734969  -1.3341577   0.6512121  -0.39111444 -1.0352781
 -0.25612545  0.77945673 -0.7131134  -1.032727   -0.9128514  -1.043545
  0.36506218  0.4683836  -0.7864917  -0.42535433  0.07006367 -0.65971154
 -0.61611587 -0.32305565  0.9893659   0.7734599  -0.19464263  0.38618562
  0.89181185 -0.61635894 -0.89224565 -0.92190284 -0.12214907 -0.7554838
 -0.84679264  0.29963374 -0.9894838  -0.44311675 -0.26362538 -0.60242355
 -0.76078475  0.49773082  0.35398456 -0.64067775  0.18073158 -0.46959773
  1.0022556  -0.07528551]
37426:[-0.58559203 -0.98979187 -0.1359834   0.6563635   0.20451573  0.3988684
 -0.65464103 -0.30927366 -0.13010482 -0.84590435 -0.56724465 -0.98927575
  0.45355678  1.0695572   0.172657   -1.1152302  -0.84484816  0.25499156
 -0.4991913  -0.23424526  0.43046114 -0.6966104   0.5981413   0.08783762
 -1.0568653   0.31701478 -0.1946951  -0.14530446 -0.5739964  -0.47596386
 -0.09583713 -0.77312565  0.91960984  0.89045715  0.0885496   0.9158162
 -0.1126001  -0.03314922  0.18867211  0.13994716  0.28619844  0.04720047
  0.35608116  0.42790654  0.7620779   0.8027385  -0.48730773  0.5273111
  0.7089506   0.40644166]
38013:[ 0.09584197 -0.3422925  -0.36032468 -1.0940012   0.9219942   0.27554235
 -0.20077443  0.696977   -1.1598183   1.1184473   0.6100173  -0.7829398
  0.7347216   0.90217054 -0.78621215 -0.24936616 -1.1295203  -0.31814817
  0.6994158   1.2439953  -0.43493816 -0.79369813  0.25290847  0.7659395
 -0.9758288  -0.65610474 -0.39624894  0.32810122  0.3245941  -0.8986519
 -0.9504561   0.23094493 -1.0214508   1.068084    0.5187163   0.30380064
 -0.73736125 -0.5789668   0.38414875  0.4740225   0.31985825  0.11226948
  0.6056312   0.6535283   0.13347398 -0.14796698 -0.8085287  -0.20693651
  1.1095375  -0.4695993 ]
42086:[-0.18428798  0.16191588 -0.73918885 -0.7288993   0.30933753 -0.689785
 -0.8357425   0.52588725 -0.05223051 -0.5447304  -0.00366753  0.22063422
 -0.14852385  0.33310446  0.684709    0.23805429  0.3850345  -0.72693354
 -0.46215424 -0.29046547 -0.10569633 -0.1849878   0.5855619   0.8026814
 -0.29595247 -0.6934496  -0.21901183  0.61278546  0.68253803  0.16683018
 -0.6963772  -0.8889362  -0.36535373 -0.820355   -0.6119785   0.84519416
 -0.07039077 -0.298792   -0.99802893  0.7998724   0.1832895   0.7462008
 -0.9697236   0.48385757 -0.19587116 -0.83572197  0.04313305 -0.8234374
 -0.0896742   0.56702954]
43362:[ 0.83189666  0.31717175 -0.15872583  0.01967943  0.49151903  0.4347527
 -1.171853    0.7105694  -0.13649672 -0.9291139   0.74573797 -1.0483135
 -0.09565087  1.03846     0.29047686 -0.97217447 -0.8851886  -0.2962371
  0.39746094  0.19211704  0.61362576 -0.18656923 -0.26519257  0.6083936
 -0.36112475 -1.0292819   0.6594839  -0.53520006 -0.22173075 -0.49249664
 -1.0975443  -0.32654005 -0.35817358  0.2731804  -0.61182314 -0.3532896
  0.21830723 -0.25350505  0.09813976 -0.0249279  -0.8186331  -0.5609571
  0.40368515  0.32095414  1.1144074  -0.3332895   0.569515   -0.31051746
  0.37201437  0.01615399]
44205:[ 0.22572735 -0.75309104  0.10028847 -0.7321365  -0.45768356 -0.53044164
 -0.5717816  -0.4373703  -0.18457726  0.35203755 -0.07323328 -0.5515359
  0.486821   -0.7832381  -0.84332895 -0.35034832 -0.58884126 -0.9979994
  0.87345827  1.0026344   0.084117    0.36855543  0.3691522  -0.75748956
  0.37941802 -0.34119076 -0.18287028  0.5219933  -0.23071297 -0.36146095
 -0.7056355   0.5303847   0.57586104  0.2918693   0.93660533  0.9769453
 -0.05146263  0.46026126  0.33880305 -0.11225934 -0.7412795   0.03781142
 -0.7475795   0.8848499  -0.4973576   0.11778329  0.47468174 -0.9630919
 -0.59847564 -0.76260066]
46201:[ 0.520303    0.46292886  0.1356125  -0.9498863  -0.32071614  0.06368318
 -0.2036021   0.69894594 -0.7719785   0.87378037  0.03610596 -0.34445179
 -1.0271319   1.03257     0.452998   -0.4271367  -0.8025784  -0.32575256
  0.7663707   0.12951642  0.5907166  -0.9213243   0.91337377  0.61188483
 -0.24606743  0.14470415  0.4540206  -0.5183606  -0.2627714  -0.3558808
 -0.8576598  -0.00494707 -0.33164406 -0.5707469   0.48184428 -0.91318375
  0.5599937  -0.877839    0.45777068  0.34097257 -0.15628955 -0.3614721
  0.92832696  0.35393554  0.21121095 -0.21836756 -0.838149    0.5724018
 -0.6372707  -0.9467745 ]
46250:[ 0.20217846  0.32604858 -0.03149116  0.8413773  -0.7001869  -0.82395
  0.44064492 -0.04105377  0.04073444  0.86418706 -0.52973795 -1.0432122
  0.77107024  1.0211312   0.433327   -1.3217264  -0.57455516 -0.9066556
 -0.666405   -0.6558159   0.38338077 -0.3558328   0.7266717   0.72155595
 -1.0622759  -0.53519195  0.19828872  0.64894813  0.30128875  0.03225493
  0.15831295 -0.14411679 -0.16767886 -0.24986342  0.8506223   0.13222465
 -0.44057226 -0.7038371   0.5340004  -0.31611916 -1.0921501  -0.7677471
 -0.698549    0.3782111   1.1865258  -0.11928219 -0.6032383  -0.5072879
  0.312291    0.68456686]
47279:[-1.034815   -0.64551723 -0.658916    0.71112424 -0.61402637 -0.21979617
 -0.6421304   0.9532444  -1.356542   -0.18202494 -0.45104516 -0.9316955
 -0.09057234  0.31570068  0.6447132  -0.88652277 -0.3065373  -0.05481518
 -0.3980453   0.6992461  -0.4545525   0.45975128 -0.25196347 -0.8610691
 -0.22973883  0.7098471  -0.17694949  0.56914     0.47281432 -0.42581046
  0.35094225  0.5914008   0.43550614 -0.71986526 -0.13660291  0.8349002
  0.34030217 -0.02473785  0.8013459   0.34272045  0.2361378   0.5143738
 -0.8981686   0.4847493  -0.35591266  0.7237714  -0.05370515 -0.9187444
  0.22746845 -0.335824  ]
56823:[-0.38510546 -0.4693315   0.58002913 -0.734032    0.37870723 -0.28221795
  0.11871438 -0.09180646 -1.2212802   0.57510287  0.5791917   0.16084568
 -0.57253236  0.03308152 -0.15167    -0.1293345   0.29046592  0.03827344
 -0.45555335  0.94171685 -0.780406    0.8790378  -0.13839927 -0.00264348
  0.24825712  0.38254097 -0.28594556 -0.28214237  0.29154456  0.5941306
  0.53844535  0.33705086 -0.34451732 -0.6540996   0.55331016 -0.51010674
 -1.1104846  -0.8900038  -0.2679076   0.83218473 -0.6293614   0.47458872
  0.638418   -0.11818612  0.65218157 -0.9780559   0.11434181 -0.4688062
 -0.6145819   0.30922866]
57299:[-0.46036595  0.74972373  0.18635996  0.45661217 -0.66605645 -0.4337801
  0.19777533 -1.101607    0.51766574 -0.04952544  0.1415581   0.3420312
 -0.7781515   0.8628696   0.41324988 -0.7185145   0.18027443 -1.1670339
 -0.6572371   0.8271622   0.8156105   0.7047448   0.05339415  0.80449015
  0.12717193  0.13268721 -0.16411507  0.02091541 -0.39234453 -0.76058286
  0.33888865  0.46289444 -0.6363678  -0.68303794 -0.48225838 -0.06136482
 -1.1723691   0.20618275 -0.4530517   0.84229255  0.557252    0.35269246
  0.39039192 -0.84333044  0.5597121   0.02411471 -0.5228748   0.49535847
 -0.5597572   0.5048112 ]
60931:[ 0.64243543 -0.88069767 -0.52969027 -0.99554765 -0.73871636  0.8749555
 -0.13705736  0.5022362  -1.1663268   0.37035003 -0.00662632 -0.37212622
  0.07090922 -0.80653405 -0.1645709  -0.87090313 -0.86007833  0.01133127
 -0.5656565   0.09548365  0.8514495   0.6016023  -0.5600407   1.007929
 -0.47952384  0.01746875 -0.29749215 -0.36843172 -0.40782583 -0.7843364
  0.9335821  -0.23476154  0.3012454  -0.7497524   0.33190912  0.6230492
  0.72426695 -1.0035284  -0.05712892  0.92195255 -0.6636551   0.46358266
 -0.96318996 -0.21255828  0.32759544 -1.0700371   0.8294818   0.7775086
 -0.6565443  -0.5270707 ]
65398:[-0.6038325  -0.96603215 -0.04596586 -0.23418902  0.27910826 -0.5325251
 -0.40878913  0.44877687 -0.542105    0.9969839   0.49356014 -0.29981965
 -0.2751579   0.17871353 -0.22275183 -0.02044718 -0.6762416   0.28080904
 -0.49406186  0.2605386   0.28499395 -0.1479068   0.15323979 -0.7106603
  0.40959272  0.07906582 -0.33790958  0.24635953 -0.5646563  -0.13629797
  0.26517764 -0.30966845 -0.8982237  -0.70265687  0.9035427   0.49752057
 -0.7949198  -0.2076298   0.01414712  0.04227654 -0.9412266   1.0577091
 -0.41941032 -0.58382237 -0.34429482  0.45942038  0.2998848   0.15992634
 -0.75196695  0.53964263]
70227:[ 0.8493782  -0.46596837 -1.0200888  -0.01094275 -0.66750723 -0.0439096
 -0.5425235  -0.5298014   0.6641211   0.17132406 -0.46245384 -0.7420149
  0.8266636   0.54092044  0.90905976 -0.97338706  0.2749214  -0.21429724
 -0.11060777 -0.04589006  0.37036535 -0.8758938   0.16761078 -0.781383
 -0.3618371   0.9179896  -0.9841905   0.22048403 -1.0031637   0.6827823
  0.05372024 -0.2193649   0.24095593 -0.21534766 -0.60727876  1.0242178
 -0.29724774 -0.45613465  0.53662145  0.2991961  -0.40622002 -0.21921574
 -0.0864156  -0.72083926  0.599718   -0.1671942   0.07626212 -0.39155293
  0.2882722   0.3365385 ]
78675:[ 0.6164162   0.38587373 -0.8555864  -0.39003244  0.467166    0.14782795
 -0.05619536 -0.21095897 -1.2408946   0.4746307   0.38774937 -1.1559974
  0.677139   -0.08474275 -0.85490113  0.03170459  0.3410101   0.8147859
  0.68636525  0.6516543   0.7453134  -0.86057216 -0.7017579   0.36448804
  0.71912044 -0.28918993  0.505722    0.20618036 -0.23056412  0.5725614
 -0.44361892 -0.02182173  0.07692221 -0.6235649  -0.54578507  1.0210285
  0.393814   -1.0521246  -0.03743165  0.26215917 -0.3530011   0.5784288
  0.16018493 -0.47641227 -0.23894739 -0.80109525 -0.12073294 -0.8686229
 -0.71934897 -0.05461966]
9386:[-0.6119571  -1.1471796  -0.8074639  -0.46183825 -0.3085172   0.279583
 -0.56318426 -0.35508698 -0.3231915   0.09729303  0.16354997  0.7670369
 -0.15646143 -0.3889346  -0.777155   -0.22104968 -0.5910729  -0.9569247
  0.1345776   0.35384282  0.21907535  0.6922881  -0.2763326  -0.5978793
 -0.62606925 -0.8427095   0.55498123 -0.47339788 -0.5617361   0.714231
 -0.04006721  0.12836803 -0.63355017  0.33782735  0.15541735 -0.13611858
 -1.0889868  -0.76798874  0.18111351  0.14589483  0.79930854 -0.4267502
 -0.32712868 -1.1844385   0.83981764 -0.28777215 -0.80037194  0.4988343
  0.9801117   1.0632979 ]
