24
g/Seeds/final_seeds.txt
41504
193821
35478
21718
133746
46201
226437
166895
132423
7684
9386
37503
199749
87658
113217
38013
57299
115076
16339
195224
212449
78675
322531
10223
305182
26712
42086
45887
13645
131940
147725
112656
117057
62894
5299
144354
130316
104177
37176
132695
58787
52409
215010
46250
153692
126559
124062
133378
172863
62302
90782
151685
64845
188627
257426
17483
215086
112734
58770
240900
195228
202262
33633
272259
217868
148042
102431
57322
216283
199201
138338
199187
61773
257465
147797
144296
49939
10678
133093
100499
7784
111575
74146
58324
88673
160996
29255
57311
15241
274985
212832
186376
215552
261694
14076
11920
81962
4630
162390
199513
31372
51250
84704
5116
54148
247605
137872
134494
140577
164648
183950
146747
227347
28183
252924
108541
10107
117514
137734
72984
29689
2057
21737
191175
51558
41171
49882
123396
252965
196688
10699
200331
84210
40242
314607
73785
154487
26240
139128
268747
95878
104971
131213
93096
72227
149174
56823
157118
108799
52208
27848
14292
137020
43257
81210
49534
216754
257642
15251
101588
29753
224425
209235
319399
22842
190673
152371
63589
178479
20047
21574
54560
17364
164442
90455
243581
59251
50691
83366
273266
221214
103354
136579
162096
19228
176328
298209
98896
136587
98700
47854
62336
117118
304832
117091
45732
48331
83818
4342
81538
169768
10740
34926
68484
724
42696
