24
/Seeds\final_seeds.txt

7684
43362
193821
16255
166895
226437
113217
199749
57299
46201
127071
115076
38013
124062
90782
195224
37503
189807
10223
16339
104177
133378
195228
188627
42086
61773
131940
199187
240900
151685
153692
257426
26712
47279
272259
117514
230698
215552
7784
13645
147725
58770
57322
17483
112734
62894
126559
102431
215086
132695
64845
46250
168391
217868
199201
148042
14076
186376
10678
33633
133093
74146
5116
111575
28425
212832
4630
15241
52208
22842
49939
84210
137872
162096
298209
101588
176328
21574
90455
57311
137734
108541
10107
26240
196688
68484
209235
11920
137020
81538
31372
224425
29753
261694
50691
21737
98700
28183
17364
724
98896
191175
83818
117118
43257
216754
146747
314607
157118
54148
10740
83366
58324
14292
41171
93096
160996
72227
88673
136579
42696
81962
20047
51558
123396
252924
183950
4342
34926
56823
268747
27848
10699
131213
136587
117091
40242
2057
178479
45732
199513
59251
