33
g/Seeds/final_seeds.txt
310354
312497
193821
21718
7684
141504
147259
35478
322216
83820
166895
113217
46201
292258
332346
215493
9386
16255
213854
124062
26712
58787
37503
201026
16339
115076
160599
192992
62302
120100
96523
65398
282882
253158
226437
257696
132423
87658
330732
38013
199749
305182
335404
57299
127071
167649
90782
161106
37426
195224
215010
140281
322531
37176
24916
286870
307201
161807
78675
314334
189807
133378
10223
153692
172863
214434
212449
126559
132695
308834
42086
242230
212144
130316
45887
257426
144354
5299
255793
64845
117057
46250
195228
104177
234047
112734
213076
17483
188627
147725
61773
52409
50928
13360
217868
131940
151685
215086
199187
62894
240900
58770
130838
302488
207752
100499
57322
7784
272259
144296
151678
169665
112656
193033
168391
102431
216283
63501
47279
10678
202262
100561
83686
207289
317129
138338
314607
147797
147375
13645
215552
133093
137872
265574
257465
52208
33633
28425
301107
186376
162525
184952
148042
329538
186827
240797
14076
29255
178479
284173
111575
212832
45299
74146
17762
280678
261694
5116
83366
24811
243581
50691
112335
67659
209235
252965
137020
189592
15241
319399
31372
88673
81538
199201
206559
191175
274985
51250
29689
248591
57311
21574
117514
134789
151584
275876
206698
136587
156505
230698
103354
252924
108799
2057
49534
102138
298209
40242
93096
216754
33268
200331
10740
54560
83818
266388
128512
146747
14292
169768
268747
186696
219516
108541
160996
154487
183919
292240
4342
139128
304832
221214
238747
307479
116088
247605
21737
134494
17364
4630
132201
101588
312120
81210
173235
203631
224425
123396
196688
277958
26240
157118
224889
161330
266766
271830
131213
58324
198643
272517
15251
127463
246840
162096
54148
110461
199513
38460
288578
279071
244741
22842
105882
73785
162390
90455
176328
164442
149174
84704
140577
264152
154434
84210
28183
49939
273640
45732
122474
104971
336040
22654
34926
75322
10699
95477
200260
98896
217170
41171
259884
45913
56823
72984
117091
51558
43257
27848
724
148786
213657
68484
152371
72227
129040
63589
10107
264811
93874
19228
257642
183950
188689
20047
29753
117118
98700
136579
137734
68273
49882
11920
309336
42696
81962
296242
331563
190673
62336
47854
273266
227347
59251
95878
275236
164648
48331
273844
