29
g/Seeds/final_seeds.txt

310316
312497
147259
313667
78443
127771
9386
332346
310354
199941
215493
43362
83820
302110
136953
141504
110510
193821
71535
115076
330208
281734
322216
21718
133746
291970
292258
38013
65398
16255
113217
166895
42086
264090
152331
195224
125841
20936
330732
200712
57299
132695
13645
70227
37426
126559
153692
124062
263856
167649
307201
199007
13360
321735
128200
257696
226437
182883
199749
282882
62302
120100
201026
46201
253158
286870
295716
322531
189807
26712
4868
10223
161807
144354
226264
213854
87658
233095
16339
306195
300562
222734
335404
130348
90015
7684
132423
192992
35478
197766
160599
287433
24916
96523
122765
320537
45887
319770
211827
257426
37503
161333
214434
188627
58787
60931
172863
161106
291365
62894
37176
248768
212449
140281
141705
90782
132439
314334
147725
78675
130838
265574
305182
246132
212382
112694
112656
46250
133378
104177
334285
45299
7784
331661
14076
171902
240900
169665
130316
79051
242230
234047
292193
311950
153393
257869
96799
5299
309715
112734
10678
64845
212144
102431
215010
100499
131940
63501
127071
236278
238764
219978
151685
52409
257465
47279
57322
324632
289394
87778
187459
314628
308834
101035
184952
308453
51558
230698
314607
28425
52208
68262
129167
269549
33633
291369
287884
274985
198523
302488
144296
225127
297535
213076
168391
156836
124829
137872
276160
186827
17483
12349
255793
151678
148042
100561
216754
147375
83686
29255
329538
49939
154607
297609
133093
224744
241996
268840
305447
166025
272000
198535
134494
28010
194052
195228
93874
48687
186376
217868
222860
111575
95477
263527
49882
295958
131213
102826
326851
23721
29689
33268
202262
161191
227347
212832
84210
279519
206698
24811
288578
77863
15241
268747
301107
287965
169768
106119
133176
59251
138950
254055
259249
328131
157595
22842
243258
281315
117057
200260
45913
162525
112335
242692
47854
11920
219516
277958
189592
128512
72984
330931
309336
90455
215086
244575
336040
271830
159061
182093
138338
280678
243635
203891
307479
287808
154487
200331
45732
266766
120108
136587
122474
272517
248591
81962
275876
292240
296110
258751
28183
296710
111290
291205
236738
23204
56823
101588
200375
4342
104971
252965
2057
108541
191175
207289
146747
315695
147797
157118
213657
199187
188689
148786
252924
102138
136864
312120
154305
250189
110914
58324
199201
27848
143876
173235
259884
206559
73785
169625
140577
9417
224889
244741
297061
215552
156505
41171
196688
137020
176328
162390
279071
22654
62336
164442
19228
252709
84704
68484
203631
58770
34926
48331
21574
217170
180209
279379
269958
135142
51250
296242
50928
313802
117514
300630
278559
261694
124307
273266
61773
75322
216283
57311
139128
38460
54148
17364
280812
185024
10107
88673
198643
247605
275236
260578
308100
304832
164648
108116
193033
31372
21737
113622
199069
68273
161330
250472
317129
106769
134789
160996
