25
g/Seeds/final_seeds.txt
3362
7684
166895
38013
199749
113217
115076
46201
58787
195224
62302
26712
10223
90782
305182
37503
124062
57299
42086
188627
16339
112656
153692
46250
132695
151685
257426
126559
104177
199187
102431
133378
10678
52409
144296
215086
45887
17483
74146
29255
137020
7784
202262
33633
100499
199201
131940
112734
58770
240900
64845
15241
31372
101588
49882
257642
5116
148042
57322
13645
274985
14076
4630
183950
49939
137734
57311
17364
21574
28183
140577
162096
14292
54148
52208
22842
11920
93096
90455
191175
88673
43257
152371
27848
176328
117091
83818
136587
34926
247605
216754
164648
42696
83366
58324
117514
131213
2057
224425
221214
20047
59251
21737
10699
123396
160996
273266
49534
72227
724
10107
29753
81538
268747
108541
157118
84210
146747
136579
10740
178479
40242
4342
117118
209235
45732
243581
162390
98896
