18
g/Seeds/final_seeds.txt
5076
16255
43362
113217
166895
38013
57299
37503
58787
42086
46201
112734
257426
305182
126559
195224
124062
62302
16339
132695
26712
133378
17483
45887
10223
104177
199201
33633
52409
74146
7784
17364
148042
215086
4630
58770
137020
221214
4342
88673
5116
102431
101588
14076
123396
724
224425
28183
83366
83818
81538
57311
10678
84210
34926
268747
27848
257642
162096
93096
164648
20047
22842
2057
49939
10699
42696
160996
176328
15241
117118
136587
146747
31372
72227
21574
10107
11920
117091
137734
131213
21737
29753
136579
108541
43257
90455
98896
14292
10740
