40
g/Seeds/final_seeds.txt
133746
310316
7684
242159
127771
110510
154558
136953
193821
71535
306195
35478
310354
128200
16339
295716
115076
253158
291970
302110
281734
226437
113217
192992
147259
9386
199749
313667
78443
21718
322216
65398
16255
141504
199941
332346
83820
215493
120100
321735
132423
292258
166895
90015
46201
282882
160599
125841
38013
222734
330732
330208
96523
26712
264090
195224
320537
57299
62302
130348
201026
257696
287433
37426
213854
37176
335404
37503
20936
305182
90782
199007
182883
58787
212382
197766
10223
87658
226264
4868
167649
307201
286870
60931
140281
200712
233095
161807
152331
127071
308453
214434
24916
101035
189807
124062
322531
300562
130316
172863
132439
319770
161106
161333
212449
215010
153692
246132
212144
132695
78675
263856
248768
13360
308834
46250
334285
234047
122765
291365
257426
126559
104177
117057
144354
198523
309715
129167
64845
211827
292193
188627
314334
242230
42086
5299
133378
141705
112656
302488
87778
255793
195228
169665
17483
236278
50928
70227
243635
52409
147725
331661
238764
61773
240900
269549
217868
213076
13645
131940
219978
28425
96799
324632
156836
215086
100561
199201
45887
45299
171902
198535
10678
207752
207289
112734
79051
58770
62894
330931
47279
291369
287884
68262
33633
144296
57322
199187
102431
317129
147797
280678
148042
278428
112694
151678
326851
74146
272259
311950
138338
193033
83686
187459
289394
100499
130838
168391
313802
216283
297535
202262
186376
124829
252709
63501
153393
280812
329538
250189
151685
225127
114990
179514
336040
75716
137872
278559
314628
156505
265574
315695
268840
186827
203631
184952
111575
162525
276160
161191
162390
7784
301107
143876
133093
49939
146747
206698
12349
297609
133176
19228
154487
147375
166025
134723
52208
230698
131213
215810
296242
4342
58324
212832
275876
191175
295958
151584
14076
102826
200375
209235
222860
112335
28010
221920
15241
157595
227347
49882
22842
41171
141498
4630
38460
149174
84704
254626
5116
314607
331563
59251
244575
42696
29689
236738
257465
248622
307479
48331
219516
72984
150075
136864
26240
17364
240797
47854
29255
67659
90455
260578
27848
189592
33268
15251
203891
215552
93874
75322
77863
68484
270126
277958
274985
29753
199513
279519
95477
134789
185024
321303
95878
320562
57311
88673
119684
298813
34926
164648
10107
237142
68273
162096
105882
292240
127463
272000
176328
296110
117514
199069
106769
249991
200331
328131
243581
281315
164442
188689
316694
272517
324699
243258
183950
266355
62336
45732
273640
286734
98700
279379
259249
63589
279071
255693
178479
204188
108116
197771
50691
2057
30860
72651
196688
54148
49534
224889
51250
10699
298209
256017
10740
248591
135142
101588
24811
250472
284173
246840
302550
20047
216754
242692
269953
23721
275236
102138
103354
28183
252924
17762
68317
263527
154434
117091
110914
84210
273266
54560
183919
139128
134494
289009
213657
117118
148786
83366
320136
106119
169625
110461
128512
173235
287694
93096
122474
23204
160996
123396
330619
244741
319399
81538
137020
287965
291205
238747
245929
102600
9417
266388
45913
81962
113622
264811
111290
21574
200260
224425
247605
51558
72227
312120
146062
217170
83818
273844
137734
206559
129040
98896
258751
724
138950
264152
309336
180209
140577
194052
116088
120108
252965
108799
14292
108541
43257
323695
271830
161330
266766
190673
261694
287756
259884
221214
169768
136919
81210
157118
186696
152371
327470
148469
257642
21737
132201
269958
104971
22654
288578
297061
136579
318993
136587
268747
263849
304832
198643
276201
77722
40242
31372
110226
56823
11920
73785
333610
